GCA.015556465.1.ASM1555646v1	GCA.015547465.1.ASM1554746v1	GCA.007556425.1.ASM755642v1	GCA.001578565.1.ASM157856v1	GCA.003474005.1.ASM347400v1	GCA.001055755.1.ASM105575v1	GCA.008329455.1.ASM832945v1	GCA.015547765.1.ASM1554776v1	GCA.015831845.1.ASM1583184v1	GCA.003458585.1.ASM345858v1	GCA.001405255.1.13414.6.57	GCA.001049535.1.3731	GCA.003464695.1.ASM346469v1	GCA.003463855.1.ASM346385v1	GCA.003474715.1.ASM347471v1	GCA.003472055.1.ASM347205v1	GCA.000403155.2.Bact.thet.dnLKV9.V1	GCA.015670455.1.ASM1567045v1	GCA.012151035.1.ASM1215103v1	GCA.015548265.1.ASM1554826v1	GCA.015554205.1.ASM1555420v1	GCA.004349635.1.ASM434963v1	GCA.015556535.1.ASM1555653v1	GCA.015560505.1.ASM1556050v1	GCA.001405895.1.14207.7.22	GCA.015546775.1.ASM1554677v1	GCA.004167525.1.ASM416752v1	GCA.003466025.1.ASM346602v1	GCA.001816245.2.ASM181624v2	GCA.015554035.1.ASM1555403v1	GCA.001314975.1.ASM131497v1	GCA.000159875.2.Bact.sp.1.1.6.V2	GCA.009025475.1.ASM902547v1	GCA.015553025.1.ASM1555302v1	GCA.014131755.1.ASM1413175v1	GCA.003463095.1.ASM346309v1	GCA.015670025.1.ASM1567002v1	GCA.015556665.1.ASM1555666v1	GCA.015551275.1.ASM1555127v1	GCA.015668615.1.ASM1566861v1	GCA.015670015.1.ASM1567001v1	GCA.003472675.1.ASM347267v1	GCA.902364285.1.MGYG.HGUT.00196	GCA.003469365.1.ASM346936v1	GCA.015548485.1.ASM1554848v1	GCA.004349615.1.ASM434961v1	GCA.001406075.1.14207.7.68	GCA.015548225.1.ASM1554822v1	GCA.015551985.1.ASM1555198v1	GCA.003439845.1.ASM343984v1
GCA.015556465.1.ASM1555646v1	0	0.208894090111176	0.222637173226084	0.20351966873706	0.227016167607385	0.219938962360122	0.220189905047476	0.1972802922671	0.17829942618675	0.169070010449321	0.192885050380424	0.266170793710573	0.19685521748009	0.245550889822036	0.242424242424242	0.201534314741862	0.252423180037121	0.261281681434164	0.258912202077816	0.252666201534935	0.301499605367009	0.280918727915194	0.225505772693571	0.249496576721708	0.24947209653092	0.247738891073535	0.219074791114734	0.235288055240647	0.251637229609049	0.294250070349873	0.221476510067114	0.275096525096525	0.257007500986972	0.252329038652131	0.228751525010167	0.275035528185694	0.266579243162233	0.207270474026645	0.224299065420561	0.26977414704469	0.309080095162569	0.256110944826898	0.239907379442263	0.270201304224553	0.255970001973554	0.215253177745364	0.287503819126184	0.221749507108021	0.247390915415963	0.306130088909686
GCA.015547465.1.ASM1554746v1	0.208894090111176	0	0.190976344871678	0.221325988589416	0.268363901815859	0.233359133126935	0.226334316430406	0.222393822393822	0.194727975423645	0.22707423580786	0.238467552775606	0.245978251100926	0.26252427184466	0.28054815378759	0.261033572236892	0.245665878644602	0.286358290866327	0.278691735213474	0.27082526152654	0.283423474712971	0.262168765269686	0.258462689358519	0.263898662913441	0.281471546273232	0.277772461965362	0.261097583817194	0.272674418604651	0.252228425898717	0.25604686318972	0.243664368227814	0.259223948898846	0.28584575740843	0.243654822335025	0.225179312948282	0.272094372461806	0.306391827140403	0.295474870327312	0.26037883992541	0.251775848460931	0.24864815323985	0.280536152539173	0.262608034951087	0.22885333844238	0.272661675836565	0.24812030075188	0.25910530482977	0.31273607748184	0.265503302770384	0.287593451310684	0.31051738003753
GCA.007556425.1.ASM755642v1	0.222637173226084	0.190976344871678	0	0.239787542250121	0.273591675636886	0.280380047505938	0.227476635514019	0.259645464025026	0.230350194552529	0.227666829030687	0.250551770463487	0.263874160480735	0.250262179426065	0.289894362905488	0.262855554526082	0.233729813364278	0.297026844991821	0.308143447745409	0.300675354323219	0.318046234153617	0.298495060474564	0.306257465772305	0.27861089187056	0.294438693892914	0.27781954887218	0.251679396337536	0.289561328385194	0.271975379880746	0.27541074909496	0.33409651285664	0.267653118561528	0.290999547715966	0.271081555370832	0.260825220213259	0.279460640015193	0.315555555555556	0.300149503121977	0.276931971478127	0.279806295399516	0.295495495495495	0.29425948251878	0.27803694719164	0.282461422657132	0.312522170982618	0.263089851325145	0.273875449334499	0.332318813011223	0.278939217963608	0.306433618445519	0.34481546572935
GCA.001578565.1.ASM157856v1	0.20351966873706	0.221325988589416	0.239787542250121	0	0.249589966232513	0.216998562923424	0.206211555914087	0.195576489862789	0.176160892913552	0.170428179708922	0.194646192156049	0.266875534035887	0.205645992169792	0.233003832963486	0.247152847152847	0.193136639464323	0.25057232049948	0.263464337700146	0.248098663926002	0.275816993464052	0.289808917197452	0.294851485148515	0.244520474713996	0.248069890288501	0.262858882012783	0.25029750099167	0.229487970388649	0.233905356214249	0.252052052052052	0.270405750496548	0.236786255684689	0.266160436137072	0.243130227001195	0.252749450109978	0.231226918342224	0.276774625011942	0.280506233471855	0.219176654507556	0.198490882414588	0.257148395851507	0.3022	0.23704076497232	0.227831386490604	0.269989516820738	0.26179573959785	0.222923238696109	0.262974000616586	0.234265368101372	0.254787927403991	0.299801830706804
GCA.003474005.1.ASM347400v1	0.227016167607385	0.268363901815859	0.273591675636886	0.249589966232513	0	0.249549121974371	0.228384687208217	0.223790131641254	0.199416909620991	0.204671532846715	0.216757741347905	0.277238212961328	0.230212401181065	0.239189315401139	0.270202721466259	0.209931407593469	0.290589253100067	0.288829123042935	0.279483037156704	0.279754144160924	0.325523475694124	0.296979711741485	0.268677311255667	0.298110369465075	0.262159624413146	0.271122552174313	0.252400418290712	0.269984627209839	0.288324214040619	0.30846383952138	0.287986526946108	0.291459557162223	0.288917597120974	0.294302918017601	0.283179963950289	0.27158081705151	0.325542570951586	0.268964189449365	0.265408805031447	0.285148514851485	0.341980913555082	0.299217002237136	0.268471517202482	0.310650363281942	0.300304456130639	0.274580219353586	0.330862789813759	0.275381937729646	0.304477057402935	0.276558384547849
GCA.001055755.1.ASM105575v1	0.219938962360122	0.233359133126935	0.280380047505938	0.216998562923424	0.249549121974371	0	0.156339843362744	0.153582930756844	0.160028964518465	0.150435142975549	0.172920065252855	0.285433990469962	0.225192385581207	0.261404204680682	0.258742632612967	0.215460526315789	0.267893660531697	0.285860237024928	0.277171717171717	0.291151754819575	0.307888040712468	0.285881207400195	0.257796912737583	0.276013580986619	0.283534456966191	0.255119953188999	0.250202101859337	0.248032703117016	0.275590551181102	0.292748766638741	0.261798310978639	0.294962650833174	0.282161738789896	0.255603617774282	0.247428917120387	0.302998965873837	0.284439486893475	0.244034818228367	0.241762767710049	0.225517307142176	0.271779744346116	0.260761999010391	0.23754368447329	0.268310981900028	0.290916209866875	0.249793388429752	0.309362690637309	0.252186438934047	0.286010056196392	0.326831986625801
GCA.008329455.1.ASM832945v1	0.220189905047476	0.226334316430406	0.227476635514019	0.206211555914087	0.228384687208217	0.156339843362744	0	0.161507269310652	0.132696606380817	0.145619212374071	0.157768205950115	0.289759146902004	0.199880608894637	0.251389024271371	0.244809270883631	0.211955972937494	0.270919136112506	0.260664458496437	0.255980148883375	0.267444120505345	0.29625709612239	0.287123025370991	0.26046607547948	0.260575130042202	0.268770829249167	0.233100009588647	0.244563598450998	0.260642570281124	0.26715045960329	0.301520424986261	0.2578125	0.268531600263728	0.245548175955337	0.258529042234464	0.252353116021005	0.300036995930448	0.284734290679594	0.228169014084507	0.237382421361384	0.268805102232227	0.328757854035766	0.234241245136187	0.232580961727184	0.279940948514486	0.273409681455105	0.250532724505327	0.308654227868202	0.260157671315949	0.292110874200426	0.307987570828002
GCA.015547765.1.ASM1554776v1	0.1972802922671	0.222393822393822	0.259645464025026	0.195576489862789	0.223790131641254	0.153582930756844	0.161507269310652	0	0.133629140439583	0.112236461347664	0.122050447518308	0.261676144308754	0.181414141414141	0.25603482390186	0.248725989807918	0.205701394585726	0.248470012239902	0.256013045250713	0.271060056428859	0.27921885787553	0.277289591876587	0.265397318826501	0.243950979365246	0.251842996612871	0.263356879912446	0.24090289939677	0.214314516129032	0.232133754715058	0.241751767478397	0.271106157704096	0.237783724848845	0.262755589527995	0.246923227192811	0.218517065515889	0.229933614966807	0.274364506143889	0.259877573734001	0.211564000408622	0.209942481511915	0.231852345162211	0.297037473023347	0.227169513278705	0.21406514593087	0.261719846542528	0.2583984375	0.224649629018961	0.285642317380353	0.22857436107975	0.265663420871447	0.303678991752386
GCA.015831845.1.ASM1583184v1	0.17829942618675	0.194727975423645	0.230350194552529	0.176160892913552	0.199416909620991	0.160028964518465	0.132696606380817	0.133629140439583	0	0.078771127883491	0.118686604621981	0.255115700898833	0.196345135499948	0.215570688078057	0.222949169602416	0.176210060107561	0.232511798636602	0.239232945614587	0.236250647332988	0.245997973657548	0.290283766168655	0.262244389027431	0.226773011424876	0.229808578155389	0.22858311183807	0.229893096213408	0.225158014713501	0.217819706498952	0.230458900655572	0.252810059058868	0.226883910386965	0.242522310483476	0.220583809810412	0.23179208220006	0.217409283572832	0.25423402617398	0.263768667364216	0.20063025210084	0.19383120312665	0.238625268502246	0.303576826196474	0.24158215010142	0.203070624360287	0.252831637550394	0.249022164276402	0.205087440381558	0.272990886495443	0.209837449862782	0.246918569407961	0.275613001330546
GCA.003458585.1.ASM345858v1	0.169070010449321	0.22707423580786	0.227666829030687	0.170428179708922	0.204671532846715	0.150435142975549	0.145619212374071	0.112236461347664	0.078771127883491	0	0.0898617511520737	0.271856746145744	0.17824459234609	0.23371335504886	0.221975806451613	0.180397127165188	0.232142857142857	0.251679261125105	0.249377593360996	0.261897513952308	0.298855191805583	0.277722277722278	0.227248191730541	0.2366208734878	0.259137913381796	0.249749849909946	0.208592777085928	0.21742782152231	0.235353535353535	0.284174377563675	0.213666496685365	0.266745236692202	0.247538677918425	0.242534301856336	0.219507144336302	0.270502071889756	0.273575919222709	0.208206207259337	0.198264917477782	0.26508262442554	0.3029263370333	0.248755713560183	0.22890825217837	0.278285110064404	0.258336681398152	0.217197452229299	0.276423607509594	0.217676287133947	0.254275017707174	0.294565527743409
GCA.001405255.1.13414.6.57	0.192885050380424	0.238467552775606	0.250551770463487	0.194646192156049	0.216757741347905	0.172920065252855	0.157768205950115	0.122050447518308	0.118686604621981	0.0898617511520737	0	0.284272101141617	0.171510437986083	0.244689378757515	0.222905915045653	0.184538653366584	0.236668044646548	0.249483684427922	0.257247856267864	0.276795524922585	0.303144156614594	0.286051544363565	0.240259050854655	0.233299697275479	0.258087271994357	0.259113300492611	0.216911764705882	0.228178907137692	0.235481304693715	0.281887395431901	0.231201686577653	0.261946217837106	0.241345202769535	0.247119586809694	0.227430201752598	0.274850469951581	0.279331706401352	0.204637201117897	0.201082431307244	0.263026100356352	0.311345122193523	0.241475852414759	0.23256987185955	0.28004545885027	0.25810917721519	0.219715956558062	0.282637542104726	0.223920956838274	0.257694989540791	0.292506799212229
GCA.001049535.1.3731	0.266170793710573	0.245978251100926	0.263874160480735	0.266875534035887	0.277238212961328	0.285433990469962	0.289759146902004	0.261676144308754	0.255115700898833	0.271856746145744	0.284272101141617	0	0.278335052029624	0.295264367816092	0.266611977030353	0.253921475425421	0.308107085422382	0.318082994611967	0.311570479842858	0.309370988446727	0.311290762103733	0.27601482686918	0.296102385107621	0.309208699676076	0.273248289887225	0.260842009959258	0.280059885842613	0.277987897125567	0.265455209569902	0.307438876365528	0.273212969786293	0.302056440843942	0.267423898228078	0.26352275836906	0.293491455784854	0.330591529576479	0.31076283660923	0.277377794619174	0.281157764448253	0.258911154460011	0.294954839886872	0.274596182085169	0.261891541736073	0.305744718002445	0.273916598528209	0.262725623149651	0.329779274223719	0.292483349191246	0.309493323577831	0.340024225644575
GCA.003464695.1.ASM346469v1	0.19685521748009	0.26252427184466	0.250262179426065	0.205645992169792	0.230212401181065	0.225192385581207	0.199880608894637	0.181414141414141	0.196345135499948	0.17824459234609	0.171510437986083	0.278335052029624	0	0.200636942675159	0.196963722397476	0.170243499793644	0.237068965517241	0.26025430680886	0.262368207623682	0.27532493302907	0.315458652524062	0.293922220050811	0.245493833667123	0.257366205652435	0.267740966870183	0.258171853591701	0.229614604462475	0.233357267412042	0.245357566179376	0.295414214999533	0.251371024030312	0.258889102440899	0.246610336018864	0.249605367008682	0.241449099372597	0.2742194132629	0.291736616302929	0.211018604173091	0.220338983050847	0.270309061333844	0.314781922241958	0.218790346608402	0.230383805992584	0.273736708384304	0.252062868369352	0.220862712567399	0.279675620881906	0.225240111535681	0.248639556742851	0.29233063088249
GCA.003463855.1.ASM346385v1	0.245550889822036	0.28054815378759	0.289894362905488	0.233003832963486	0.239189315401139	0.261404204680682	0.251389024271371	0.25603482390186	0.215570688078057	0.23371335504886	0.244689378757515	0.295264367816092	0.200636942675159	0	0.215610510046368	0.210707070707071	0.263665594855305	0.281927710843373	0.272239872915012	0.297754447360747	0.326852743022137	0.308753112430569	0.260649819494585	0.272530924798743	0.278164525933915	0.276807980049875	0.261819626539531	0.26885608114894	0.270809136662795	0.309573980760421	0.27771808146918	0.29376295458828	0.283651068746389	0.284996133023975	0.275322101090188	0.25599037838838	0.319121683440073	0.257522391063701	0.251719951436665	0.293742377333709	0.337458905434152	0.273718011092731	0.247079611269265	0.293216428241809	0.28725452445129	0.252943564758425	0.311823687084285	0.256900212314225	0.277944740668929	0.285309443276351
GCA.003474715.1.ASM347471v1	0.242424242424242	0.261033572236892	0.262855554526082	0.247152847152847	0.270202721466259	0.258742632612967	0.244809270883631	0.248725989807918	0.222949169602416	0.221975806451613	0.222905915045653	0.266611977030353	0.196963722397476	0.215610510046368	0	0.205282112845138	0.272093949044586	0.2824184566428	0.269276160503541	0.268034286814986	0.282471867251574	0.275953691402543	0.255438668164641	0.261622252480062	0.272462360369111	0.264968637141228	0.250295159386068	0.265293942106834	0.232642884541619	0.294705294705295	0.245330494532082	0.283660130718954	0.250333905743179	0.249808429118774	0.276065187512272	0.27024300779459	0.300018138944313	0.244293830359813	0.25811623246493	0.287959088795909	0.301207127802261	0.261158777595681	0.264028007390839	0.27966334278657	0.241510873712324	0.251909931644552	0.31969711869407	0.253229197957345	0.279608106810105	0.329768917082012
GCA.003472055.1.ASM347205v1	0.201534314741862	0.245665878644602	0.233729813364278	0.193136639464323	0.209931407593469	0.215460526315789	0.211955972937494	0.205701394585726	0.176210060107561	0.180397127165188	0.184538653366584	0.253921475425421	0.170243499793644	0.210707070707071	0.205282112845138	0	0.245310546060859	0.260724698042482	0.255249073692878	0.256469640519585	0.291209886386287	0.270672218917311	0.224756397901274	0.237843336724313	0.24108503505029	0.229195630585899	0.228583196046129	0.218206436829497	0.246792301523657	0.291410171417748	0.239550652767938	0.274322480015598	0.260817547357926	0.249499399279135	0.24265461269776	0.275423323447814	0.289010781161339	0.223463104060119	0.21872376154492	0.254974279336116	0.287202082916083	0.247051708497127	0.236089919641949	0.286191430480008	0.263157894736842	0.227674810446504	0.275702377276937	0.221185107498689	0.249322221106537	0.295284890862704
GCA.000403155.2.Bact.thet.dnLKV9.V1	0.252423180037121	0.286358290866327	0.297026844991821	0.25057232049948	0.290589253100067	0.267893660531697	0.270919136112506	0.248470012239902	0.232511798636602	0.232142857142857	0.236668044646548	0.308107085422382	0.237068965517241	0.263665594855305	0.272093949044586	0.245310546060859	0	0.223695111847556	0.265765765765766	0.282179705499349	0.326789609359508	0.296705464588676	0.255244382919817	0.218579234972678	0.231935320869126	0.278403477573602	0.238836542400655	0.252667564487724	0.275029916234543	0.318443125058901	0.279975838115373	0.285548011639185	0.265423527077961	0.281474103585657	0.245657061107705	0.303379343169919	0.314511575381141	0.245302605626492	0.232776617954071	0.295219700627716	0.333333333333333	0.278852902837662	0.259738945664272	0.304339568891843	0.286592621975407	0.252199413489736	0.26133688197359	0.244602065296756	0.27799420637299	0.313211095439586
GCA.015670455.1.ASM1567045v1	0.261281681434164	0.278691735213474	0.308143447745409	0.263464337700146	0.288829123042935	0.285860237024928	0.260664458496437	0.256013045250713	0.239232945614587	0.251679261125105	0.249483684427922	0.318082994611967	0.26025430680886	0.281927710843373	0.2824184566428	0.260724698042482	0.223695111847556	0	0.268412438625205	0.280552497247523	0.32890826233406	0.297654247979499	0.272475795297372	0.260060667340748	0.251539937392709	0.298716683119447	0.257470323372902	0.284546113238795	0.298724591470705	0.322346736980883	0.297454984408007	0.301802674937003	0.276511397423191	0.301751592356688	0.283847253420462	0.329972415105108	0.335715629114162	0.26542889741728	0.262202753441802	0.301746598475345	0.354369898467052	0.297865945296063	0.267819229602669	0.315684600056931	0.310741181133571	0.275847634993721	0.298353278101667	0.266701406982804	0.29753468410021	0.312975664756178
GCA.012151035.1.ASM1215103v1	0.258912202077816	0.27082526152654	0.300675354323219	0.248098663926002	0.279483037156704	0.277171717171717	0.255980148883375	0.271060056428859	0.236250647332988	0.249377593360996	0.257247856267864	0.311570479842858	0.262368207623682	0.272239872915012	0.269276160503541	0.255249073692878	0.265765765765766	0.268412438625205	0	0.162822923883995	0.279247501469724	0.216611425229089	0.187256860477342	0.267346530693861	0.272690963554668	0.285491115016598	0.268110076891947	0.26348101913435	0.284391013007489	0.318609635635076	0.275042275937531	0.270373921380633	0.278964908841404	0.291732283464567	0.274379164142944	0.320470588235294	0.333705564861344	0.259304829283297	0.264329896907216	0.301193317422434	0.344752904114983	0.291984543743188	0.248425472358293	0.281569805652051	0.292042336338691	0.264997931319818	0.296187683284457	0.255794787266921	0.283190208271641	0.307484890748489
GCA.015548265.1.ASM1554826v1	0.252666201534935	0.283423474712971	0.318046234153617	0.275816993464052	0.279754144160924	0.291151754819575	0.267444120505345	0.27921885787553	0.245997973657548	0.261897513952308	0.276795524922585	0.309370988446727	0.27532493302907	0.297754447360747	0.268034286814986	0.256469640519585	0.282179705499349	0.280552497247523	0.162822923883995	0	0.287400441416371	0.236321970782011	0.216121735554185	0.300381716746599	0.27702834799609	0.284689681553027	0.263887513615209	0.295754905887064	0.291903888835279	0.331810707107619	0.292169848071679	0.290558947862846	0.299222424882404	0.298506024096386	0.297697855943089	0.325645756457565	0.333090046528601	0.26685393258427	0.272415532022189	0.30177736202058	0.353321122144028	0.305975941016686	0.269328635740849	0.304803975704031	0.308378923121221	0.279570980471517	0.300673000791766	0.27696029026406	0.261357046201431	0.318869644484959
GCA.015554205.1.ASM1555420v1	0.301499605367009	0.262168765269686	0.298495060474564	0.289808917197452	0.325523475694124	0.307888040712468	0.29625709612239	0.277289591876587	0.290283766168655	0.298855191805583	0.303144156614594	0.311290762103733	0.315458652524062	0.326852743022137	0.282471867251574	0.291209886386287	0.326789609359508	0.32890826233406	0.279247501469724	0.287400441416371	0	0.172465960665658	0.199715128700783	0.308139534883721	0.319461918126391	0.285795454545455	0.296216428151343	0.313249430185314	0.285495891458055	0.308715720879718	0.298428309709768	0.325641979903238	0.296958174904943	0.252338232487116	0.313380281690141	0.32833775015992	0.31941431670282	0.305332141793268	0.275304451986424	0.316223478180302	0.293050782741504	0.28421861492652	0.294641992055033	0.297839365484547	0.251473103972629	0.29321049469257	0.297149015381601	0.295561097256858	0.292181069958848	0.33802944098257
GCA.004349635.1.ASM434963v1	0.280918727915194	0.258462689358519	0.306257465772305	0.294851485148515	0.296979711741485	0.285881207400195	0.287123025370991	0.265397318826501	0.262244389027431	0.277722277722278	0.286051544363565	0.27601482686918	0.293922220050811	0.308753112430569	0.275953691402543	0.270672218917311	0.296705464588676	0.297654247979499	0.216611425229089	0.236321970782011	0.172465960665658	0	0.148061937050906	0.287311993829541	0.295522388059701	0.287598944591029	0.25941096157597	0.2964606132308	0.257463396082905	0.314296009368525	0.262400460520004	0.289814814814815	0.254256526674234	0.240645773979107	0.298754379135851	0.335516143701683	0.303886290032386	0.282426158253482	0.281429990069513	0.293314891655141	0.308320668693009	0.282614928796712	0.250939940229442	0.303511478087288	0.276338188008322	0.261406654712094	0.295837800955259	0.259303364096457	0.303875821350348	0.328359550561798
GCA.015556535.1.ASM1555653v1	0.225505772693571	0.263898662913441	0.27861089187056	0.244520474713996	0.268677311255667	0.257796912737583	0.26046607547948	0.243950979365246	0.226773011424876	0.227248191730541	0.240259050854655	0.296102385107621	0.245493833667123	0.260649819494585	0.255438668164641	0.224756397901274	0.255244382919817	0.272475795297372	0.187256860477342	0.216121735554185	0.199715128700783	0.148061937050906	0	0.258597402597403	0.260427474579788	0.265078560567663	0.241821815504365	0.238399318859089	0.256984955480504	0.302684952675295	0.254237288135593	0.273848602407242	0.269211195928753	0.264847183890422	0.254066533739112	0.296448087431694	0.292120744526955	0.234641638225256	0.238228038185134	0.281243810655575	0.313567119926388	0.266158913132977	0.255765634739248	0.303289857893712	0.265493029408772	0.230007534172855	0.280487804878049	0.223579849946409	0.265122001230265	0.30545384467142
GCA.015560505.1.ASM1556050v1	0.249496576721708	0.281471546273232	0.294438693892914	0.248069890288501	0.298110369465075	0.276013580986619	0.260575130042202	0.251842996612871	0.229808578155389	0.2366208734878	0.233299697275479	0.309208699676076	0.257366205652435	0.272530924798743	0.261622252480062	0.237843336724313	0.218579234972678	0.260060667340748	0.267346530693861	0.300381716746599	0.308139534883721	0.287311993829541	0.258597402597403	0	0.246322440517326	0.275589030513712	0.248449689937988	0.274805299888743	0.280841941142078	0.330198248040572	0.293990360971771	0.297040971168437	0.277820860798759	0.285964570761145	0.277844311377246	0.319303473321538	0.322651933701657	0.263200567548394	0.255145710209904	0.301539333270375	0.341316199376947	0.281277554619379	0.274686171790056	0.308128193218765	0.286101957743749	0.258433858106727	0.285814255723283	0.25160370634355	0.292337725719863	0.335357438586806
GCA.001405895.1.14207.7.22	0.24947209653092	0.277772461965362	0.27781954887218	0.262858882012783	0.262159624413146	0.283534456966191	0.268770829249167	0.263356879912446	0.22858311183807	0.259137913381796	0.258087271994357	0.273248289887225	0.267740966870183	0.278164525933915	0.272462360369111	0.24108503505029	0.231935320869126	0.251539937392709	0.272690963554668	0.27702834799609	0.319461918126391	0.295522388059701	0.260427474579788	0.246322440517326	0	0.246021795737294	0.272200579362701	0.253737373737374	0.285060827250608	0.2976607109965	0.283104125736739	0.271573363644975	0.278148901152096	0.285894818703218	0.260041861855876	0.306919642857143	0.296054446794813	0.260931174089069	0.259387402055561	0.263157894736842	0.308118619348566	0.288845401174168	0.258440276406713	0.293189831137502	0.281966895750653	0.263910158244002	0.278953674121406	0.257270693512304	0.295379216221486	0.320345524719721
GCA.015546775.1.ASM1554677v1	0.247738891073535	0.261097583817194	0.251679396337536	0.25029750099167	0.271122552174313	0.255119953188999	0.233100009588647	0.24090289939677	0.229893096213408	0.249749849909946	0.259113300492611	0.260842009959258	0.258171853591701	0.276807980049875	0.264968637141228	0.229195630585899	0.278403477573602	0.298716683119447	0.285491115016598	0.284689681553027	0.285795454545455	0.287598944591029	0.265078560567663	0.275589030513712	0.246021795737294	0	0.266262941980856	0.264145354004147	0.2869929537231	0.290392422192152	0.291246276544633	0.292841246290801	0.280030314513073	0.26973559064105	0.280701754385965	0.285362965661718	0.251891891891892	0.25121203126546	0.264770240700219	0.264382676147382	0.290525114155251	0.261223317698861	0.26658298735155	0.283053157655611	0.277893540443266	0.265615645579725	0.31133456995021	0.27064904085081	0.298807820696233	0.341434872625799
GCA.004167525.1.ASM416752v1	0.219074791114734	0.272674418604651	0.289561328385194	0.229487970388649	0.252400418290712	0.250202101859337	0.244563598450998	0.214314516129032	0.225158014713501	0.208592777085928	0.216911764705882	0.280059885842613	0.229614604462475	0.261819626539531	0.250295159386068	0.228583196046129	0.238836542400655	0.257470323372902	0.268110076891947	0.263887513615209	0.296216428151343	0.25941096157597	0.241821815504365	0.248449689937988	0.272200579362701	0.266262941980856	0	0.257242297062135	0.251971608832808	0.298592337093316	0.257836600656782	0.286015729906004	0.247107275936458	0.25009846396219	0.248434659664714	0.289520760756991	0.288400670266245	0.231305774951277	0.226072607260726	0.274567854073154	0.320070908016545	0.257607295073843	0.250925092509251	0.296891143044989	0.265882352941176	0.236961920529801	0.281537683358624	0.228486035246831	0.263947862150686	0.299414007999256
GCA.003466025.1.ASM346602v1	0.235288055240647	0.252228425898717	0.271975379880746	0.233905356214249	0.269984627209839	0.248032703117016	0.260642570281124	0.232133754715058	0.217819706498952	0.21742782152231	0.228178907137692	0.277987897125567	0.233357267412042	0.26885608114894	0.265293942106834	0.218206436829497	0.252667564487724	0.284546113238795	0.26348101913435	0.295754905887064	0.313249430185314	0.2964606132308	0.238399318859089	0.274805299888743	0.253737373737374	0.264145354004147	0.257242297062135	0	0.199043157579986	0.231537302185381	0.217347554840008	0.237615123606398	0.216020620600773	0.206570433051269	0.18823409253396	0.227021883920076	0.242216160285956	0.153351317700768	0.172248304642671	0.182625482625483	0.251020611371104	0.211465223491682	0.20631067961165	0.243545937737282	0.217563683219348	0.171359782267351	0.268671986904031	0.208715596330275	0.243610223642173	0.294360902255639
GCA.001816245.2.ASM181624v2	0.251637229609049	0.25604686318972	0.27541074909496	0.252052052052052	0.288324214040619	0.275590551181102	0.26715045960329	0.241751767478397	0.230458900655572	0.235353535353535	0.235481304693715	0.265455209569902	0.245357566179376	0.270809136662795	0.232642884541619	0.246792301523657	0.275029916234543	0.298724591470705	0.284391013007489	0.291903888835279	0.285495891458055	0.257463396082905	0.256984955480504	0.280841941142078	0.285060827250608	0.2869929537231	0.251971608832808	0.199043157579986	0	0.205167864616504	0.168816057403277	0.199064546304958	0.173580577327471	0.140690978886756	0.18178241196144	0.213045475424897	0.221515536979829	0.159093178867472	0.171887550200803	0.221052631578947	0.26281435976195	0.213561286583599	0.173925752703888	0.229584822656035	0.181574923547401	0.167203867848509	0.269484678293428	0.197150596970001	0.239149263785969	0.293690422151611
GCA.015554035.1.ASM1555403v1	0.294250070349873	0.243664368227814	0.33409651285664	0.270405750496548	0.30846383952138	0.292748766638741	0.301520424986261	0.271106157704096	0.252810059058868	0.284174377563675	0.281887395431901	0.307438876365528	0.295414214999533	0.309573980760421	0.294705294705295	0.291410171417748	0.318443125058901	0.322346736980883	0.318609635635076	0.331810707107619	0.308715720879718	0.314296009368525	0.302684952675295	0.330198248040572	0.2976607109965	0.290392422192152	0.298592337093316	0.231537302185381	0.205167864616504	0	0.257892804698972	0.237470061208197	0.22752376641014	0.223120967008998	0.233417062052284	0.249738402511336	0.23789800673052	0.209513023782559	0.217300578582946	0.228132178830182	0.276793018816471	0.24067300658376	0.210953346855984	0.23142509135201	0.228749886847108	0.225573209019123	0.302087215803205	0.264454976303318	0.272097685438309	0.31246766683911
GCA.001314975.1.ASM131497v1	0.221476510067114	0.259223948898846	0.267653118561528	0.236786255684689	0.287986526946108	0.261798310978639	0.2578125	0.237783724848845	0.226883910386965	0.213666496685365	0.231201686577653	0.273212969786293	0.251371024030312	0.27771808146918	0.245330494532082	0.239550652767938	0.279975838115373	0.297454984408007	0.275042275937531	0.292169848071679	0.298428309709768	0.262400460520004	0.254237288135593	0.293990360971771	0.283104125736739	0.291246276544633	0.257836600656782	0.217347554840008	0.168816057403277	0.257892804698972	0	0.22397357243983	0.181634031060095	0.182760290556901	0.173468374540761	0.248563484708063	0.227201906333058	0.176446864287155	0.190876837303599	0.253195488721805	0.273660757531725	0.216221485669721	0.207710464201416	0.268860946745562	0.210338509017263	0.186819892199736	0.278098269345534	0.21839546191248	0.264957264957265	0.30952380952381
GCA.000159875.2.Bact.sp.1.1.6.V2	0.275096525096525	0.28584575740843	0.290999547715966	0.266160436137072	0.291459557162223	0.294962650833174	0.268531600263728	0.262755589527995	0.242522310483476	0.266745236692202	0.261946217837106	0.302056440843942	0.258889102440899	0.29376295458828	0.283660130718954	0.274322480015598	0.285548011639185	0.301802674937003	0.270373921380633	0.290558947862846	0.325641979903238	0.289814814814815	0.273848602407242	0.297040971168437	0.271573363644975	0.292841246290801	0.286015729906004	0.237615123606398	0.199064546304958	0.237470061208197	0.22397357243983	0	0.152643335815339	0.195290599887871	0.200229709035222	0.252619324796275	0.240609496810773	0.177270519669743	0.192735793790275	0.225742035036761	0.301495327102804	0.225763986835919	0.181981981981982	0.23219869561333	0.218313791178113	0.200391772771792	0.29211005656217	0.222168016391843	0.257191042818327	0.285474019651235
GCA.009025475.1.ASM902547v1	0.257007500986972	0.243654822335025	0.271081555370832	0.243130227001195	0.288917597120974	0.282161738789896	0.245548175955337	0.246923227192811	0.220583809810412	0.247538677918425	0.241345202769535	0.267423898228078	0.246610336018864	0.283651068746389	0.250333905743179	0.260817547357926	0.265423527077961	0.276511397423191	0.278964908841404	0.299222424882404	0.296958174904943	0.254256526674234	0.269211195928753	0.277820860798759	0.278148901152096	0.280030314513073	0.247107275936458	0.216020620600773	0.173580577327471	0.22752376641014	0.181634031060095	0.152643335815339	0	0.164979950353256	0.174363992172211	0.239235761952646	0.224050632911392	0.157445117711334	0.177351707609347	0.21679488367782	0.258212375859435	0.193427500720669	0.179412619947659	0.234655722754218	0.198516828294353	0.177118813864957	0.272174850534157	0.214449655722982	0.240593585447583	0.282862047158732
GCA.015553025.1.ASM1555302v1	0.252329038652131	0.225179312948282	0.260825220213259	0.252749450109978	0.294302918017601	0.255603617774282	0.258529042234464	0.218517065515889	0.23179208220006	0.242534301856336	0.247119586809694	0.26352275836906	0.249605367008682	0.284996133023975	0.249808429118774	0.249499399279135	0.281474103585657	0.301751592356688	0.291732283464567	0.298506024096386	0.252338232487116	0.240645773979107	0.264847183890422	0.285964570761145	0.285894818703218	0.26973559064105	0.25009846396219	0.206570433051269	0.140690978886756	0.223120967008998	0.182760290556901	0.195290599887871	0.164979950353256	0	0.144232658675575	0.207855373038451	0.169359230350336	0.168279301745636	0.167468912956278	0.198101795850005	0.223394055608821	0.187650747708635	0.161265206812652	0.217248008788794	0.174112256586483	0.172837022132797	0.262277334907981	0.209139192303838	0.249831779294434	0.306611045615308
GCA.014131755.1.ASM1413175v1	0.228751525010167	0.272094372461806	0.279460640015193	0.231226918342224	0.283179963950289	0.247428917120387	0.252353116021005	0.229933614966807	0.217409283572832	0.219507144336302	0.227430201752598	0.293491455784854	0.241449099372597	0.275322101090188	0.276065187512272	0.24265461269776	0.245657061107705	0.283847253420462	0.274379164142944	0.297697855943089	0.313380281690141	0.298754379135851	0.254066533739112	0.277844311377246	0.260041861855876	0.280701754385965	0.248434659664714	0.18823409253396	0.18178241196144	0.233417062052284	0.173468374540761	0.200229709035222	0.174363992172211	0.144232658675575	0	0.194587992107488	0.186547751765143	0.150342851294647	0.144474171640255	0.216620604212332	0.266705974842767	0.193947186232816	0.188504141303263	0.238354110038429	0.198199960868715	0.165599834813132	0.269001715958413	0.204935732647815	0.240122179525076	0.277267242179523
GCA.003463095.1.ASM346309v1	0.275035528185694	0.306391827140403	0.315555555555556	0.276774625011942	0.27158081705151	0.302998965873837	0.300036995930448	0.274364506143889	0.25423402617398	0.270502071889756	0.274850469951581	0.330591529576479	0.2742194132629	0.25599037838838	0.27024300779459	0.275423323447814	0.303379343169919	0.329972415105108	0.320470588235294	0.325645756457565	0.32833775015992	0.335516143701683	0.296448087431694	0.319303473321538	0.306919642857143	0.285362965661718	0.289520760756991	0.227021883920076	0.213045475424897	0.249738402511336	0.248563484708063	0.252619324796275	0.239235761952646	0.207855373038451	0.194587992107488	0	0.223896194374292	0.19161105815062	0.208201590495353	0.245629682483054	0.297659476824231	0.247830101569714	0.225325884543762	0.237794169301019	0.235718855680468	0.222873618452667	0.316017316017316	0.250095748755266	0.281560544718439	0.277584406543683
GCA.015670025.1.ASM1567002v1	0.266579243162233	0.295474870327312	0.300149503121977	0.280506233471855	0.325542570951586	0.284439486893475	0.284734290679594	0.259877573734001	0.263768667364216	0.273575919222709	0.279331706401352	0.31076283660923	0.291736616302929	0.319121683440073	0.300018138944313	0.289010781161339	0.314511575381141	0.335715629114162	0.333705564861344	0.333090046528601	0.31941431670282	0.303886290032386	0.292120744526955	0.322651933701657	0.296054446794813	0.251891891891892	0.288400670266245	0.242216160285956	0.221515536979829	0.23789800673052	0.227201906333058	0.240609496810773	0.224050632911392	0.169359230350336	0.186547751765143	0.223896194374292	0	0.204787484685704	0.203447622655806	0.230565604870731	0.274509803921569	0.233859921468359	0.208728478040696	0.248761838561126	0.221659736033267	0.20235607068212	0.303805713222295	0.246568859441552	0.27017927017927	0.333505554120382
GCA.015556665.1.ASM1555666v1	0.207270474026645	0.26037883992541	0.276931971478127	0.219176654507556	0.268964189449365	0.244034818228367	0.228169014084507	0.211564000408622	0.20063025210084	0.208206207259337	0.204637201117897	0.277377794619174	0.211018604173091	0.257522391063701	0.244293830359813	0.223463104060119	0.245302605626492	0.26542889741728	0.259304829283297	0.26685393258427	0.305332141793268	0.282426158253482	0.234641638225256	0.263200567548394	0.260931174089069	0.25121203126546	0.231305774951277	0.153351317700768	0.159093178867472	0.209513023782559	0.176446864287155	0.177270519669743	0.157445117711334	0.168279301745636	0.150342851294647	0.19161105815062	0.204787484685704	0	0.12388917929953	0.186073500967118	0.25990222488277	0.170114480819442	0.172882042967167	0.206922784328642	0.192571258317608	0.149690548620581	0.25897067869592	0.199122440451316	0.222288915566226	0.268738229755179
GCA.015551275.1.ASM1555127v1	0.224299065420561	0.251775848460931	0.279806295399516	0.198490882414588	0.265408805031447	0.241762767710049	0.237382421361384	0.209942481511915	0.19383120312665	0.198264917477782	0.201082431307244	0.281157764448253	0.220338983050847	0.251719951436665	0.25811623246493	0.21872376154492	0.232776617954071	0.262202753441802	0.264329896907216	0.272415532022189	0.275304451986424	0.281429990069513	0.238228038185134	0.255145710209904	0.259387402055561	0.264770240700219	0.226072607260726	0.172248304642671	0.171887550200803	0.217300578582946	0.190876837303599	0.192735793790275	0.177351707609347	0.167468912956278	0.144474171640255	0.208201590495353	0.203447622655806	0.12388917929953	0	0.193545251288033	0.269207622868606	0.195557799091368	0.181660723382578	0.228519545063557	0.204472843450479	0.164978902953586	0.223997526028245	0.190461182897363	0.195413858996279	0.240844137408915
GCA.015668615.1.ASM1566861v1	0.26977414704469	0.24864815323985	0.295495495495495	0.257148395851507	0.285148514851485	0.225517307142176	0.268805102232227	0.231852345162211	0.238625268502246	0.26508262442554	0.263026100356352	0.258911154460011	0.270309061333844	0.293742377333709	0.287959088795909	0.254974279336116	0.295219700627716	0.301746598475345	0.301193317422434	0.30177736202058	0.316223478180302	0.293314891655141	0.281243810655575	0.301539333270375	0.263157894736842	0.264382676147382	0.274567854073154	0.182625482625483	0.221052631578947	0.228132178830182	0.253195488721805	0.225742035036761	0.21679488367782	0.198101795850005	0.216620604212332	0.245629682483054	0.230565604870731	0.186073500967118	0.193545251288033	0	0.210609585853886	0.222659176029963	0.186591123701605	0.211069585335469	0.243072931146326	0.211896635787421	0.309087437953417	0.240722751117156	0.267400634446725	0.299594427790513
GCA.015670015.1.ASM1567001v1	0.309080095162569	0.280536152539173	0.29425948251878	0.3022	0.341980913555082	0.271779744346116	0.328757854035766	0.297037473023347	0.303576826196474	0.3029263370333	0.311345122193523	0.294954839886872	0.314781922241958	0.337458905434152	0.301207127802261	0.287202082916083	0.333333333333333	0.354369898467052	0.344752904114983	0.353321122144028	0.293050782741504	0.308320668693009	0.313567119926388	0.341316199376947	0.308118619348566	0.290525114155251	0.320070908016545	0.251020611371104	0.26281435976195	0.276793018816471	0.273660757531725	0.301495327102804	0.258212375859435	0.223394055608821	0.266705974842767	0.297659476824231	0.274509803921569	0.25990222488277	0.269207622868606	0.210609585853886	0	0.230338705008202	0.242674973230799	0.252815676220126	0.213099102539622	0.222579995975045	0.323358598287233	0.28335170893054	0.299490433612153	0.342585034013605
GCA.003472675.1.ASM347267v1	0.256110944826898	0.262608034951087	0.27803694719164	0.23704076497232	0.299217002237136	0.260761999010391	0.234241245136187	0.227169513278705	0.24158215010142	0.248755713560183	0.241475852414759	0.274596182085169	0.218790346608402	0.273718011092731	0.261158777595681	0.247051708497127	0.278852902837662	0.297865945296063	0.291984543743188	0.305975941016686	0.28421861492652	0.282614928796712	0.266158913132977	0.281277554619379	0.288845401174168	0.261223317698861	0.257607295073843	0.211465223491682	0.213561286583599	0.24067300658376	0.216221485669721	0.225763986835919	0.193427500720669	0.187650747708635	0.193947186232816	0.247830101569714	0.233859921468359	0.170114480819442	0.195557799091368	0.222659176029963	0.230338705008202	0	0.170650470219436	0.212417096536478	0.174176193678547	0.145751038184949	0.272835347731326	0.213075060532688	0.234713622291022	0.280474452554745
