GCA.003470645.1.ASM347064v1	GCA.015831805.1.ASM1583180v1	GCA.003474465.1.ASM347446v1	GCA.003612665.1.ASM361266v1	GCA.003439865.1.ASM343986v1	GCA.013361135.1.ASM1336113v1	GCA.005844895.1.ASM584489v1	GCA.001405735.1.14207.7.66	GCA.003458305.1.ASM345830v1	GCA.003472085.1.ASM347208v1	GCA.003472925.1.ASM347292v1	GCA.003468975.1.ASM346897v1	GCA.005844955.1.ASM584495v1	GCA.005844935.1.ASM584493v1	GCA.015557725.1.ASM1555772v1	GCA.000699665.1.ASM69966v1	GCA.015550085.1.ASM1555008v1	GCA.015548845.1.ASM1554884v1	GCA.015554355.1.ASM1555435v1	GCA.015555955.1.ASM1555595v1	GCA.015552185.1.ASM1555218v1	GCA.015670595.1.ASM1567059v1	GCA.015558885.1.ASM1555888v1	GCA.003463955.1.ASM346395v1	GCA.000178275.1.ASM17827v1	P18.D7	GCA.015561385.1.ASM1556138v1	GCA.015549745.1.ASM1554974v1	GCA.001578575.1.ASM157857v1	GCA.003465985.1.ASM346598v1	GCA.015550165.1.ASM1555016v1	GCA.015552295.1.ASM1555229v1	GCA.015554165.1.ASM1555416v1	GCA.003466305.1.ASM346630v1	GCA.015548325.1.ASM1554832v1	GCA.003465275.1.ASM346527v1	GCA.009734165.1.ASM973416v1	GCA.004167785.1.ASM416778v1	GCA.015547705.1.ASM1554770v1	GCA.015558455.1.ASM1555845v1	GCA.003459425.1.ASM345942v1	GCA.015554685.1.ASM1555468v1	GCA.015550025.1.ASM1555002v1	GCA.015556825.1.ASM1555682v1	GCA.015557585.1.ASM1555758v1	GCA.015555775.1.ASM1555577v1	GCA.900095495.1.B.ovatus.V975	GCA.015548155.1.ASM1554815v1	GCA.015552205.1.ASM1555220v1	GCA.003363235.1.ASM336323v1
GCA.003470645.1.ASM347064v1	0	0.147430334586829	0.189433560854534	0.112415614910478	0.105342362678706	0.249154865235267	0.245970695970696	0.190616392819831	0.20382226469183	0.220167120458173	0.253219662615636	0.226807956869307	0.223928403203015	0.238263785394933	0.297834773719915	0.325446992956475	0.343484680693983	0.304934867357611	0.330996406975725	0.305224564619615	0.338919755897623	0.323863636363636	0.332179930795848	0.32013753368646	0.322843289726466	0.31310818546079	0.30265619154508	0.312559376781303	0.288528389339513	0.280113100848256	0.352053562506246	0.268098338353901	0.284340538156154	0.261606202737628	0.26382275774949	0.288154683686878	0.28363601787582	0.288119561104805	0.286450662739323	0.258220238637399	0.30553254165516	0.289293422163836	0.320820362570958	0.345400489681707	0.301846125011714	0.299345182413471	0.300354711916403	0.306063085174075	0.28508566613613	0.138195258270982
GCA.015831805.1.ASM1583180v1	0.147430334586829	0	0.189009773188272	0.0942162272634376	0.140335392762577	0.239961941008563	0.234334763948498	0.204676045175352	0.193220338983051	0.210062646828504	0.23671041450288	0.217088055797733	0.203339882121807	0.215804290845549	0.300987797791981	0.341291474762666	0.336986828189597	0.293790914501091	0.349672011661808	0.331742243436754	0.334977238239757	0.323456790123457	0.341992983786859	0.334495448382723	0.32374237804878	0.297103613018812	0.30194013844204	0.288673075017342	0.283539965729261	0.287076167076167	0.316548265775178	0.245941558441558	0.295963302752294	0.253296044746304	0.243100649350649	0.277815833251786	0.258282086887522	0.268422610239716	0.273372327164637	0.275037936267071	0.298427311085539	0.267266679710429	0.31362639458377	0.342241614398691	0.294646346228996	0.289517308629937	0.269907963185274	0.286011735756199	0.259613507710326	0.18558829048602
GCA.003474465.1.ASM347446v1	0.189433560854534	0.189009773188272	0	0.159685863874346	0.205726118663906	0.278283712784588	0.29530495831505	0.268629589240276	0.255210237659963	0.269099406794895	0.26075993391879	0.271254339891391	0.26907123534716	0.280528052805281	0.338376646493414	0.350593124945883	0.381663867032093	0.355713245997089	0.389702170620899	0.374791392182697	0.363890343984634	0.378704123244223	0.384131971720346	0.341758632965468	0.37541644748378	0.342703294697454	0.357571415778633	0.347695664030543	0.342442987720432	0.326657645466847	0.380652547223812	0.312093628088427	0.348856900931414	0.299029481779894	0.276983094928479	0.302363195255638	0.316048034934498	0.321806825382457	0.307875474027692	0.334904836738257	0.3503263362145	0.3300395256917	0.353689567430025	0.35991940223323	0.340032298582451	0.345812807881773	0.337062167614157	0.32607180202161	0.32556471853711	0.196230982019364
GCA.003612665.1.ASM361266v1	0.112415614910478	0.0942162272634376	0.159685863874346	0	0.126306360107495	0.238416988416988	0.226124818577649	0.204143201930813	0.176720647773279	0.19749652294854	0.239344890336175	0.204757691929618	0.209172482552343	0.206186582602699	0.293632075471698	0.330155400896177	0.325334113745	0.275271848570278	0.324958433401072	0.312542372881356	0.314796998268232	0.316290726817043	0.318264884101183	0.311124213836478	0.308525033829499	0.279175507729615	0.304640348273474	0.283371894175636	0.271927131306929	0.252269326683292	0.313521545319465	0.230785081392953	0.287813953488372	0.24416953964713	0.235318359777457	0.272618929387228	0.262384212645993	0.264043256233103	0.274053896293414	0.2616894362132	0.274177855613933	0.252779984114376	0.30289252200832	0.334254907381808	0.267301209597462	0.272835230084117	0.261425959780622	0.27784178187404	0.250396196513471	0.152455272173582
GCA.003439865.1.ASM343986v1	0.105342362678706	0.140335392762577	0.205726118663906	0.126306360107495	0	0.239810602543868	0.2464172715429	0.208112023177209	0.213487513361189	0.216187840030543	0.250092148912643	0.223356009070295	0.221530504740925	0.242567695512214	0.287239066780013	0.318348623853211	0.338585631213656	0.290728028618389	0.325442733825754	0.299366616989568	0.330495141138362	0.322934719815136	0.328830495928942	0.318598280910551	0.327879520312355	0.307916181606519	0.292641186537365	0.310085007727975	0.278727165586329	0.276351092372557	0.344655751042408	0.248393792626273	0.284472717498432	0.245011194393069	0.253929030344964	0.268702290076336	0.260949434400077	0.269090209655703	0.290177736202058	0.250717260527534	0.30077649920479	0.275970619097587	0.301637513956085	0.330136743029657	0.296751452796037	0.286230505895778	0.280491371746125	0.293248360580031	0.279337584467498	0.144060811429618
GCA.013361135.1.ASM1336113v1	0.249154865235267	0.239961941008563	0.278283712784588	0.238416988416988	0.239810602543868	0	0.222352834795189	0.200787401574803	0.211052433044134	0.192585727525487	0.222928795342588	0.218316967972837	0.221684954435559	0.190620689655172	0.267522935779817	0.304200481583876	0.31753986332574	0.315503003003003	0.34025974025974	0.32500678794461	0.307969059183306	0.32180577624077	0.338908371549321	0.324403669724771	0.330442637759711	0.297617926748894	0.289631612962792	0.305578996718237	0.309957122439257	0.29705088845474	0.362704514094224	0.271524448705657	0.319156353494858	0.249197052711128	0.278811121764142	0.299731307328824	0.290540540540541	0.275884604612081	0.300372625647551	0.319302032739701	0.324122886747864	0.296406076324565	0.319410541542356	0.347904967602592	0.291581868640148	0.301320528211285	0.313150425733207	0.291921005385996	0.287430683918669	0.208333333333333
GCA.005844895.1.ASM584489v1	0.245970695970696	0.234334763948498	0.29530495831505	0.226124818577649	0.2464172715429	0.222352834795189	0	0.180494221554073	0.145287834388884	0.160427310729215	0.210412926391382	0.189293598233996	0.193028241215398	0.15963133640553	0.277609195402299	0.30586342509832	0.327305936073059	0.310507007807356	0.337613882863341	0.33200290275762	0.349679978364735	0.316844669289863	0.325522710886806	0.341977011494253	0.324762335898597	0.328992072480181	0.343512863224135	0.328007518796992	0.317478510028653	0.272659455427079	0.348088133583638	0.25708793849111	0.290069001659534	0.265410472493135	0.25747236905334	0.272288261515602	0.27833693914025	0.256035934868052	0.302787392967754	0.283151537005319	0.295800309738544	0.291802061089964	0.286516853932584	0.352554112554113	0.299953639313862	0.304516845612736	0.295969653864391	0.26927575348628	0.28837424733673	0.252431516016775
GCA.001405735.1.14207.7.66	0.190616392819831	0.204676045175352	0.268629589240276	0.204143201930813	0.208112023177209	0.200787401574803	0.180494221554073	0	0.0908912446014919	0.113167534220166	0.137594194808819	0.125846770346341	0.108531630876378	0.132613060522038	0.273368943151469	0.305918310641845	0.32379960223506	0.28828125	0.333572839949704	0.313081914793567	0.330779293589983	0.309734513274336	0.340121438580103	0.322968332697444	0.331143232588699	0.292307692307692	0.28468554968795	0.300419553127134	0.283659093164004	0.266815058550276	0.321274409044193	0.242460555222688	0.288298064749503	0.231465093411996	0.230277611344118	0.255083357425075	0.251171875	0.255949490043711	0.260980447718901	0.255466267987292	0.308331758926885	0.279768786127168	0.295255988727102	0.326642172237656	0.268616509524726	0.270143090367809	0.273586763836912	0.295039164490862	0.271818531334102	0.207470414201183
GCA.003458305.1.ASM345830v1	0.20382226469183	0.193220338983051	0.255210237659963	0.176720647773279	0.213487513361189	0.211052433044134	0.145287834388884	0.0908912446014919	0	0.0886517943743938	0.159382311651848	0.113948353652683	0.121277009927974	0.124194324194324	0.269289827255278	0.306810770520824	0.32120057170081	0.275550314465409	0.326287262872629	0.314977765162267	0.329197217522091	0.309912907329484	0.316793534442252	0.309021113243762	0.304815864022663	0.289221970219899	0.310984445947251	0.289347079037801	0.280479281078382	0.238484759957153	0.308090213118146	0.236180904522613	0.290340185555758	0.226400158321789	0.208643216080402	0.235915834383787	0.250786163522013	0.234874401329293	0.276822198992683	0.263207369806355	0.285687131724007	0.267351686700271	0.304413571496078	0.333573681838666	0.28460793804453	0.27142719103295	0.262636273538157	0.284615384615385	0.262862669245648	0.21968005952381
GCA.003472085.1.ASM347208v1	0.220167120458173	0.210062646828504	0.269099406794895	0.19749652294854	0.216187840030543	0.192585727525487	0.160427310729215	0.113167534220166	0.0886517943743938	0	0.156103394351946	0.128925775723852	0.135564053537285	0.124468386730933	0.253441448236847	0.29425771590805	0.310364198108791	0.274850414977803	0.342928216062544	0.311204091120409	0.319290465631929	0.305910619894282	0.310612357993904	0.3071846124835	0.306421677802524	0.292727800910235	0.305874537344595	0.285893356474785	0.28889324576022	0.242659014825442	0.319935038570849	0.233820047355959	0.287656529516995	0.216090167120093	0.241910023677979	0.254595675778646	0.246477513993438	0.25199193625804	0.283593239331404	0.281781226903178	0.285020545386627	0.261664444867644	0.305098913346336	0.336051768460243	0.288512742487638	0.283151400094922	0.275398987933048	0.261110086667896	0.257457723731712	0.209361857743646
GCA.003472925.1.ASM347292v1	0.253219662615636	0.23671041450288	0.26075993391879	0.239344890336175	0.250092148912643	0.222928795342588	0.210412926391382	0.137594194808819	0.159382311651848	0.156103394351946	0	0.155037347422117	0.155514536225196	0.16538882803943	0.298970949822421	0.336816008500089	0.344609261939219	0.311912079724318	0.370819362049695	0.35381850853549	0.348156085364765	0.335621521335807	0.364042135332976	0.320462617247974	0.355035422832033	0.313960007475238	0.322214076246334	0.329611018053229	0.324130105900151	0.29713758079409	0.353476092695805	0.266102178669965	0.318217221981826	0.264272991469017	0.272571591665874	0.283428361228619	0.273912638539629	0.279280948851001	0.309094189823169	0.312260023216359	0.327799332310746	0.307897398179645	0.314665230658769	0.349004804392588	0.303461573776513	0.302108157653529	0.303351797953244	0.306835397914624	0.302632785982937	0.26438610448157
GCA.003468975.1.ASM346897v1	0.226807956869307	0.217088055797733	0.271254339891391	0.204757691929618	0.223356009070295	0.218316967972837	0.189293598233996	0.125846770346341	0.113948353652683	0.128925775723852	0.155037347422117	0	0.111952304343712	0.136976047904192	0.271912629515542	0.311627063304916	0.331850203930293	0.297163052822619	0.36196426999912	0.333824341741852	0.350654103009789	0.329147640791476	0.310042070605451	0.322878745449454	0.328310208582192	0.31627372052904	0.323938369034198	0.303683909142966	0.307916181606519	0.272675629615603	0.336278742845667	0.251195938689837	0.298307787720386	0.23973458986441	0.252953236356536	0.265698661135206	0.238513707135352	0.270239452679589	0.290865384615385	0.273442502973196	0.274895977808599	0.291356395513243	0.31524737906934	0.348788198103267	0.292290313470771	0.292426235669987	0.287103919869017	0.294805076234821	0.281858365466002	0.229153463105478
GCA.005844955.1.ASM584495v1	0.223928403203015	0.203339882121807	0.26907123534716	0.209172482552343	0.221530504740925	0.221684954435559	0.193028241215398	0.108531630876378	0.121277009927974	0.135564053537285	0.155514536225196	0.111952304343712	0	0.134755808440019	0.282876064333018	0.311035560047781	0.333208078910287	0.297114080960682	0.347237076648841	0.323817520291072	0.350945494994438	0.330890153341692	0.347233805949402	0.329044465468307	0.334078212290503	0.312020211835584	0.290543757737358	0.30062893081761	0.280668962124939	0.278049716863423	0.327628361858191	0.257029702970297	0.29091888011486	0.239859594383775	0.23980198019802	0.256045111344739	0.262250629478985	0.265581350544264	0.278178581467254	0.272339636633296	0.313155922038981	0.281865086948213	0.317491380113689	0.346554024010671	0.292175572519084	0.274978569387561	0.280859375	0.296392229417206	0.275500476644423	0.231700605393506
GCA.005844935.1.ASM584493v1	0.238263785394933	0.215804290845549	0.280528052805281	0.206186582602699	0.242567695512214	0.190620689655172	0.15963133640553	0.132613060522038	0.124194324194324	0.124468386730933	0.16538882803943	0.136976047904192	0.134755808440019	0	0.260686558787765	0.295710650672483	0.287014675831321	0.28381353498612	0.338153601975134	0.303321033210332	0.320927674397287	0.306768350810296	0.327529325513196	0.307641941820223	0.296197403554001	0.30080676142912	0.302767840331388	0.291889824024484	0.304297102858254	0.260531309297913	0.332997886686123	0.252714998532433	0.286284953395473	0.23619543220584	0.25682418550044	0.282501889644747	0.269838231071121	0.257665206627309	0.283861404483973	0.271610596754973	0.301584360233485	0.273070747142722	0.279395503133063	0.334682386063699	0.289312329025564	0.3	0.274201331917769	0.245814655566737	0.25002356045613	0.231606640660437
GCA.015557725.1.ASM1555772v1	0.297834773719915	0.300987797791981	0.338376646493414	0.293632075471698	0.287239066780013	0.267522935779817	0.277609195402299	0.273368943151469	0.269289827255278	0.253441448236847	0.298970949822421	0.271912629515542	0.282876064333018	0.260686558787765	0	0.15132831625714	0.295524047817626	0.271772345301757	0.322716874890023	0.297929130234699	0.316444119261021	0.291298145506419	0.300356587729725	0.287047405748414	0.299099761161124	0.290217495448884	0.284681130834977	0.271825207518367	0.280186208903113	0.262849029815428	0.356755671551897	0.278157329689635	0.319929140832595	0.250144203037877	0.283622877220379	0.294184183240645	0.28475935828877	0.291916025458345	0.315648396339773	0.317907444668008	0.305047143649473	0.27195627591406	0.318378229291165	0.355104907383022	0.298701298701299	0.305589478628464	0.299441555940689	0.287878787878788	0.277171869123731	0.27860246198407
GCA.000699665.1.ASM69966v1	0.325446992956475	0.341291474762666	0.350593124945883	0.330155400896177	0.318348623853211	0.304200481583876	0.30586342509832	0.305918310641845	0.306810770520824	0.29425771590805	0.336816008500089	0.311627063304916	0.311035560047781	0.295710650672483	0.15132831625714	0	0.320244956772334	0.329068150208623	0.353540542854696	0.329575952764359	0.327465101804926	0.320650166235685	0.325511111111111	0.331217698794088	0.323868202518082	0.314418604651163	0.312226277372263	0.318139707244766	0.314194277108434	0.304651590365876	0.394063260340633	0.317359598446823	0.324140308540895	0.292767148856743	0.301449000852353	0.310016480498077	0.31608715808994	0.319557195571956	0.321056413941789	0.336534186894283	0.336807115263678	0.313318077803204	0.337444146559428	0.352187286397813	0.336868086662401	0.344223398430371	0.328348443779792	0.297896885260449	0.320485889122294	0.290203327171904
GCA.015550085.1.ASM1555008v1	0.343484680693983	0.336986828189597	0.381663867032093	0.325334113745	0.338585631213656	0.31753986332574	0.327305936073059	0.32379960223506	0.32120057170081	0.310364198108791	0.344609261939219	0.331850203930293	0.333208078910287	0.287014675831321	0.295524047817626	0.320244956772334	0	0.236560159287001	0.290971068962503	0.268921389396709	0.26278499409574	0.268177525967894	0.280058118416273	0.257714762301918	0.271234376425509	0.245433789954338	0.25480320835665	0.240431981811292	0.259772771037936	0.294924812030075	0.370529042542592	0.293866873364984	0.347470303563572	0.306289968502434	0.329134773762232	0.342568326469487	0.335166398027875	0.325598943595548	0.336699100422251	0.363793260059951	0.336821812172955	0.300645644240666	0.336742147552958	0.364032792604221	0.324549107560041	0.330970149253731	0.317656055826403	0.307406400145046	0.29493044533657	0.337049357187809
GCA.015548845.1.ASM1554884v1	0.304934867357611	0.293790914501091	0.355713245997089	0.275271848570278	0.290728028618389	0.315503003003003	0.310507007807356	0.28828125	0.275550314465409	0.274850414977803	0.311912079724318	0.297163052822619	0.297114080960682	0.28381353498612	0.271772345301757	0.329068150208623	0.236560159287001	0	0.290415392914943	0.228509556538932	0.240785781103835	0.243890565670334	0.250163658468157	0.235103132161956	0.242247697801165	0.221034042970666	0.239257906373162	0.233759890592947	0.240886063375385	0.254917159190001	0.348425601975715	0.270345930813837	0.321926489226869	0.26954124827722	0.290141971605679	0.308634828750603	0.302307391474384	0.307984051346883	0.327281323877069	0.317492984097287	0.299413656137696	0.252121913580247	0.321358036302078	0.353548039831345	0.293392409940281	0.283338140563407	0.274502070597515	0.278939507094847	0.257698229407236	0.299518696778971
GCA.015554355.1.ASM1555435v1	0.330996406975725	0.349672011661808	0.389702170620899	0.324958433401072	0.325442733825754	0.34025974025974	0.337613882863341	0.333572839949704	0.326287262872629	0.342928216062544	0.370819362049695	0.36196426999912	0.347237076648841	0.338153601975134	0.322716874890023	0.353540542854696	0.290971068962503	0.290415392914943	0	0.201563178462874	0.207527624309392	0.276309896999552	0.293345991197031	0.289107865563963	0.280859916782247	0.245602958419771	0.237850756838099	0.259006378582338	0.241127634339932	0.323941150245207	0.405201658499812	0.329662261380323	0.339028475711893	0.338762214983713	0.337187958883994	0.335287325695	0.365042258586585	0.344904715039814	0.355131223297585	0.362569060773481	0.353331008022323	0.333866098383946	0.349353691333391	0.364172410929325	0.332387371408301	0.330854360336432	0.345777455599855	0.341547475443736	0.335991493886231	0.335783894682852
GCA.015555955.1.ASM1555595v1	0.305224564619615	0.331742243436754	0.374791392182697	0.312542372881356	0.299366616989568	0.32500678794461	0.33200290275762	0.313081914793567	0.314977765162267	0.311204091120409	0.35381850853549	0.333824341741852	0.323817520291072	0.303321033210332	0.297929130234699	0.329575952764359	0.268921389396709	0.228509556538932	0.201563178462874	0	0.162501127853469	0.247186796699175	0.253653256359372	0.247860101242522	0.22102401449932	0.218968448894767	0.215450166728418	0.207902163687676	0.221414913957935	0.283927571401904	0.385817426565127	0.303896103896104	0.316898330273625	0.301867121599848	0.329100529100529	0.344673731176799	0.340740043310423	0.350505807418509	0.315280816921955	0.320220156997203	0.32214826297073	0.285939968404423	0.332849628151642	0.371403812824957	0.331786542923434	0.313507504168983	0.318462268628382	0.290409725348942	0.285489105238758	0.298026257033134
GCA.015552185.1.ASM1555218v1	0.338919755897623	0.334977238239757	0.363890343984634	0.314796998268232	0.330495141138362	0.307969059183306	0.349679978364735	0.330779293589983	0.329197217522091	0.319290465631929	0.348156085364765	0.350654103009789	0.350945494994438	0.320927674397287	0.316444119261021	0.327465101804926	0.26278499409574	0.240785781103835	0.207527624309392	0.162501127853469	0	0.255007919500606	0.267055132227701	0.257911102981526	0.257564841498559	0.183106522759268	0.226138978370916	0.239742031965604	0.242093266217115	0.2912918482797	0.386836935166994	0.301796636085627	0.346193952033368	0.31713747645951	0.309633027522936	0.315969335919461	0.342750233863424	0.349278734295021	0.321373561656247	0.353658536585366	0.314606741573034	0.292336103416436	0.333032897701667	0.320354897062624	0.318701586130579	0.313633434594495	0.326669181440966	0.283336316448899	0.299797309747559	0.309426593289544
GCA.015670595.1.ASM1567059v1	0.323863636363636	0.323456790123457	0.378704123244223	0.316290726817043	0.322934719815136	0.32180577624077	0.316844669289863	0.309734513274336	0.309912907329484	0.305910619894282	0.335621521335807	0.329147640791476	0.330890153341692	0.306768350810296	0.291298145506419	0.320650166235685	0.268177525967894	0.243890565670334	0.276309896999552	0.247186796699175	0.255007919500606	0	0.164120715350224	0.17508321445554	0.204679457182967	0.196170379054318	0.184951177484204	0.211089494163424	0.219584569732938	0.293323041296797	0.365433869480586	0.313290194126431	0.339525656055551	0.290461719439271	0.318068690890991	0.332052267486549	0.318274754162204	0.340499709471238	0.343755886230929	0.301406875989938	0.317886408589997	0.286139659975026	0.291682278006744	0.340303842716711	0.29189448441247	0.301225584067407	0.304270986745214	0.307298930729893	0.287206516530906	0.331428044620632
GCA.015558885.1.ASM1555888v1	0.332179930795848	0.341992983786859	0.384131971720346	0.318264884101183	0.328830495928942	0.338908371549321	0.325522710886806	0.340121438580103	0.316793534442252	0.310612357993904	0.364042135332976	0.310042070605451	0.347233805949402	0.327529325513196	0.300356587729725	0.325511111111111	0.280058118416273	0.250163658468157	0.293345991197031	0.253653256359372	0.267055132227701	0.164120715350224	0	0.15955015086404	0.203925452417394	0.213360855695252	0.224696356275304	0.222575219585124	0.225408279529054	0.300760244761728	0.379554158892271	0.32435272762014	0.349839284162975	0.297750164736892	0.332951179898729	0.345891043397969	0.31544000748153	0.345366579828805	0.368840579710145	0.318511878081578	0.2999365884591	0.28736268808271	0.324743196972427	0.375473647950396	0.323868350696045	0.326154978833057	0.329310832469124	0.326474009125884	0.3086487980105	0.334279882864496
GCA.003463955.1.ASM346395v1	0.32013753368646	0.334495448382723	0.341758632965468	0.311124213836478	0.318598280910551	0.324403669724771	0.341977011494253	0.322968332697444	0.309021113243762	0.3071846124835	0.320462617247974	0.322878745449454	0.329044465468307	0.307641941820223	0.287047405748414	0.331217698794088	0.257714762301918	0.235103132161956	0.289107865563963	0.247860101242522	0.257911102981526	0.17508321445554	0.15955015086404	0	0.204299099761161	0.203219315895372	0.202967972198741	0.208090831027574	0.212103578702357	0.297491717936583	0.370407548685003	0.306265859847745	0.362976085031001	0.288982887906172	0.315635369900449	0.329625789424074	0.324293353705118	0.336183148095374	0.351141510305943	0.342966892262667	0.33019042336846	0.281379570297776	0.339339891514204	0.375823018172241	0.321099190664408	0.320244246124941	0.318120546890044	0.311792625045637	0.293907484016548	0.326393917451122
GCA.000178275.1.ASM17827v1	0.322843289726466	0.32374237804878	0.37541644748378	0.308525033829499	0.327879520312355	0.330442637759711	0.324762335898597	0.331143232588699	0.304815864022663	0.306421677802524	0.355035422832033	0.328310208582192	0.334078212290503	0.296197403554001	0.299099761161124	0.323868202518082	0.271234376425509	0.242247697801165	0.280859916782247	0.22102401449932	0.257564841498559	0.204679457182967	0.203925452417394	0.204299099761161	0	0.199585179598378	0.213460293981695	0.207961693737677	0.217441083866043	0.286632510479739	0.365969206474536	0.322772657450077	0.347294938917976	0.307226636398033	0.329877112135177	0.348362556823453	0.331892501409509	0.351593904833131	0.35007735007735	0.338076368876081	0.329814342919549	0.29679094787609	0.340635466642527	0.392094109506098	0.337347165616895	0.325381414701803	0.333270178097764	0.303613158367787	0.307606885063853	0.319843109288643
P18.D7	0.31310818546079	0.297103613018812	0.342703294697454	0.279175507729615	0.307916181606519	0.297617926748894	0.328992072480181	0.292307692307692	0.289221970219899	0.292727800910235	0.313960007475238	0.31627372052904	0.312020211835584	0.30080676142912	0.290217495448884	0.314418604651163	0.245433789954338	0.221034042970666	0.245602958419771	0.218968448894767	0.183106522759268	0.196170379054318	0.213360855695252	0.203219315895372	0.199585179598378	0	0.140239197530864	0.153695353852186	0.149920255183413	0.279992222438266	0.345244242486833	0.280425403832648	0.338479702116066	0.277289341104416	0.265977726497442	0.293707647628267	0.309722358481311	0.315964090554255	0.304174573055028	0.338714218676678	0.322326596451276	0.272428142843318	0.335157576901302	0.334233261339093	0.299313810766406	0.291530001929385	0.295141980805382	0.276013861571603	0.288403977985903	0.280527439873712
GCA.015561385.1.ASM1556138v1	0.30265619154508	0.30194013844204	0.357571415778633	0.304640348273474	0.292641186537365	0.289631612962792	0.343512863224135	0.28468554968795	0.310984445947251	0.305874537344595	0.322214076246334	0.323938369034198	0.290543757737358	0.302767840331388	0.284681130834977	0.312226277372263	0.25480320835665	0.239257906373162	0.237850756838099	0.215450166728418	0.226138978370916	0.184951177484204	0.224696356275304	0.202967972198741	0.213460293981695	0.140239197530864	0	0.135228582404917	0.131810193321617	0.289634146341463	0.3601536439907	0.29370148373784	0.321272613849033	0.265460176134714	0.298221479807409	0.309108159392789	0.292127270979525	0.315547905909352	0.322976744186046	0.329222273354809	0.332775141873663	0.273261879920326	0.33179126572909	0.352057940293234	0.305863408165198	0.303706505295008	0.324222157603955	0.31441168365941	0.297246143654774	0.294471263320885
GCA.015549745.1.ASM1554974v1	0.312559376781303	0.288673075017342	0.347695664030543	0.283371894175636	0.310085007727975	0.305578996718237	0.328007518796992	0.300419553127134	0.289347079037801	0.285893356474785	0.329611018053229	0.303683909142966	0.30062893081761	0.291889824024484	0.271825207518367	0.318139707244766	0.240431981811292	0.233759890592947	0.259006378582338	0.207902163687676	0.239742031965604	0.211089494163424	0.222575219585124	0.208090831027574	0.207961693737677	0.153695353852186	0.135228582404917	0	0.128622469233823	0.282284607938045	0.337925362393338	0.285985416042353	0.339846223428313	0.269597718107603	0.297972230546399	0.316367842683632	0.298427273615317	0.319471434123591	0.30952380952381	0.340872978783064	0.322498346404611	0.278789630914523	0.346551400112761	0.363391896737182	0.311134635742469	0.309317963496638	0.312383016451581	0.312191026956441	0.2883376598404	0.302691205030981
GCA.001578575.1.ASM157857v1	0.288528389339513	0.283539965729261	0.342442987720432	0.271927131306929	0.278727165586329	0.309957122439257	0.317478510028653	0.283659093164004	0.280479281078382	0.28889324576022	0.324130105900151	0.307916181606519	0.280668962124939	0.304297102858254	0.280186208903113	0.314194277108434	0.259772771037936	0.240886063375385	0.241127634339932	0.221414913957935	0.242093266217115	0.219584569732938	0.225408279529054	0.212103578702357	0.217441083866043	0.149920255183413	0.131810193321617	0.128622469233823	0	0.286220472440945	0.328659621220048	0.277918910679809	0.316490583371612	0.285585675702711	0.285438471700031	0.315562524500196	0.306049468560644	0.308437067773167	0.300172844248128	0.324722195840061	0.322961682512244	0.294405799941217	0.342818945760122	0.359548516293464	0.313961451912729	0.31015625	0.299669371806432	0.323855558714814	0.302707457726517	0.296626890914216
GCA.003465985.1.ASM346598v1	0.280113100848256	0.287076167076167	0.326657645466847	0.252269326683292	0.276351092372557	0.29705088845474	0.272659455427079	0.266815058550276	0.238484759957153	0.242659014825442	0.29713758079409	0.272675629615603	0.278049716863423	0.260531309297913	0.262849029815428	0.304651590365876	0.294924812030075	0.254917159190001	0.323941150245207	0.283927571401904	0.2912918482797	0.293323041296797	0.300760244761728	0.297491717936583	0.286632510479739	0.279992222438266	0.289634146341463	0.282284607938045	0.286220472440945	0	0.349505656915707	0.249331352154532	0.29670526977287	0.247878255779924	0.261812778603269	0.271371199082042	0.260924329037884	0.271781033153431	0.288713910761155	0.292219233979412	0.277022593043967	0.271197782238792	0.316240909938467	0.348932384341637	0.306921241050119	0.289117591004383	0.289692232535418	0.282184173993522	0.273247496423462	0.281270074332385
GCA.015550165.1.ASM1555016v1	0.352053562506246	0.316548265775178	0.380652547223812	0.313521545319465	0.344655751042408	0.362704514094224	0.348088133583638	0.321274409044193	0.308090213118146	0.319935038570849	0.353476092695805	0.336278742845667	0.327628361858191	0.332997886686123	0.356755671551897	0.394063260340633	0.370529042542592	0.348425601975715	0.405201658499812	0.385817426565127	0.386836935166994	0.365433869480586	0.379554158892271	0.370407548685003	0.365969206474536	0.345244242486833	0.3601536439907	0.337925362393338	0.328659621220048	0.349505656915707	0	0.331647703329119	0.395026575550494	0.334162520729685	0.323219553308049	0.353424657534247	0.340810866433423	0.347794945257342	0.365524093392946	0.362278978388998	0.354928457869634	0.358896327855549	0.37469129704633	0.396634389395506	0.355348460291734	0.3517338995046	0.333056478405316	0.364046265438149	0.342036025096134	0.364872741402759
GCA.015552295.1.ASM1555229v1	0.268098338353901	0.245941558441558	0.312093628088427	0.230785081392953	0.248393792626273	0.271524448705657	0.25708793849111	0.242460555222688	0.236180904522613	0.233820047355959	0.266102178669965	0.251195938689837	0.257029702970297	0.252714998532433	0.278157329689635	0.317359598446823	0.293866873364984	0.270345930813837	0.329662261380323	0.303896103896104	0.301796636085627	0.313290194126431	0.32435272762014	0.306265859847745	0.322772657450077	0.280425403832648	0.29370148373784	0.285985416042353	0.277918910679809	0.249331352154532	0.331647703329119	0	0.170425138632163	0.240837696335079	0.245499181669394	0.270342242824736	0.253549290141972	0.251466640151139	0.267755338680066	0.309250764525994	0.302860456126788	0.274502070597515	0.308542327279716	0.330281109788481	0.283773139031115	0.28019656019656	0.267244856797096	0.286095746709899	0.279559315364942	0.275099262620533
GCA.015554165.1.ASM1555416v1	0.284340538156154	0.295963302752294	0.348856900931414	0.287813953488372	0.284472717498432	0.319156353494858	0.290069001659534	0.288298064749503	0.290340185555758	0.287656529516995	0.318217221981826	0.298307787720386	0.29091888011486	0.286284953395473	0.319929140832595	0.324140308540895	0.347470303563572	0.321926489226869	0.339028475711893	0.316898330273625	0.346193952033368	0.339525656055551	0.349839284162975	0.362976085031001	0.347294938917976	0.338479702116066	0.321272613849033	0.339846223428313	0.316490583371612	0.29670526977287	0.395026575550494	0.170425138632163	0	0.303389212827988	0.31996303142329	0.327193060896003	0.318667390910737	0.31357535357175	0.312033704906522	0.32533889468196	0.349894662921348	0.31181834435902	0.321980613046895	0.354283326368575	0.322678571428571	0.322042962830912	0.304379562043796	0.298005203816132	0.302586975914362	0.301152985716744
GCA.003466305.1.ASM346630v1	0.261606202737628	0.253296044746304	0.299029481779894	0.24416953964713	0.245011194393069	0.249197052711128	0.265410472493135	0.231465093411996	0.226400158321789	0.216090167120093	0.264272991469017	0.23973458986441	0.239859594383775	0.23619543220584	0.250144203037877	0.292767148856743	0.306289968502434	0.26954124827722	0.338762214983713	0.301867121599848	0.31713747645951	0.290461719439271	0.297750164736892	0.288982887906172	0.307226636398033	0.277289341104416	0.265460176134714	0.269597718107603	0.285585675702711	0.247878255779924	0.334162520729685	0.240837696335079	0.303389212827988	0	0.0875956504228756	0.130840213695969	0.137428627682615	0.112699500636444	0.299190861494526	0.292278719397363	0.311500380807312	0.253253058846378	0.322351604657768	0.333393518100569	0.287044220325834	0.285451553576614	0.287926926131851	0.277391467769216	0.26428986630498	0.235140674492268
GCA.015548325.1.ASM1554832v1	0.26382275774949	0.243100649350649	0.276983094928479	0.235318359777457	0.253929030344964	0.278811121764142	0.25747236905334	0.230277611344118	0.208643216080402	0.241910023677979	0.272571591665874	0.252953236356536	0.23980198019802	0.25682418550044	0.283622877220379	0.301449000852353	0.329134773762232	0.290141971605679	0.337187958883994	0.329100529100529	0.309633027522936	0.318068690890991	0.332951179898729	0.315635369900449	0.329877112135177	0.265977726497442	0.298221479807409	0.297972230546399	0.285438471700031	0.261812778603269	0.323219553308049	0.245499181669394	0.31996303142329	0.0875956504228756	0	0.0947825229312556	0.141171765646871	0.0919757382917371	0.266595806358102	0.292813455657492	0.31059141863162	0.283178860185368	0.32007302776977	0.318011171138174	0.290665616384403	0.290614250614251	0.278539733763614	0.284188441731833	0.287428683848121	0.242957080733598
GCA.003465275.1.ASM346527v1	0.288154683686878	0.277815833251786	0.302363195255638	0.272618929387228	0.268702290076336	0.299731307328824	0.272288261515602	0.255083357425075	0.235915834383787	0.254595675778646	0.283428361228619	0.265698661135206	0.256045111344739	0.282501889644747	0.294184183240645	0.310016480498077	0.342568326469487	0.308634828750603	0.335287325695	0.344673731176799	0.315969335919461	0.332052267486549	0.345891043397969	0.329625789424074	0.348362556823453	0.293707647628267	0.309108159392789	0.316367842683632	0.315562524500196	0.271371199082042	0.353424657534247	0.270342242824736	0.327193060896003	0.130840213695969	0.0947825229312556	0	0.12301013024602	0.118234165067179	0.283793876026886	0.316154059296204	0.321445243207917	0.298238933841028	0.341132776230269	0.327543424317618	0.31951706435973	0.310305560827482	0.311217044459578	0.293759793529358	0.306486845854307	0.259848277122749
GCA.009734165.1.ASM973416v1	0.28363601787582	0.258282086887522	0.316048034934498	0.262384212645993	0.260949434400077	0.290540540540541	0.27833693914025	0.251171875	0.250786163522013	0.246477513993438	0.273912638539629	0.238513707135352	0.262250629478985	0.269838231071121	0.28475935828877	0.31608715808994	0.335166398027875	0.302307391474384	0.365042258586585	0.340740043310423	0.342750233863424	0.318274754162204	0.31544000748153	0.324293353705118	0.331892501409509	0.309722358481311	0.292127270979525	0.298427273615317	0.306049468560644	0.260924329037884	0.340810866433423	0.253549290141972	0.318667390910737	0.137428627682615	0.141171765646871	0.12301013024602	0	0.14110668092969	0.29531914893617	0.295416276894294	0.285984490259126	0.287037037037037	0.324555628703094	0.349780209921952	0.308996339818917	0.307182001730603	0.286136856635772	0.298170276325616	0.290993071593533	0.281377267678638
GCA.004167785.1.ASM416778v1	0.288119561104805	0.268422610239716	0.321806825382457	0.264043256233103	0.269090209655703	0.275884604612081	0.256035934868052	0.255949490043711	0.234874401329293	0.25199193625804	0.279280948851001	0.270239452679589	0.265581350544264	0.257665206627309	0.291916025458345	0.319557195571956	0.325598943595548	0.307984051346883	0.344904715039814	0.350505807418509	0.349278734295021	0.340499709471238	0.345366579828805	0.336183148095374	0.351593904833131	0.315964090554255	0.315547905909352	0.319471434123591	0.308437067773167	0.271781033153431	0.347794945257342	0.251466640151139	0.31357535357175	0.112699500636444	0.0919757382917371	0.118234165067179	0.14110668092969	0	0.296707431796801	0.317077710563053	0.323925110546618	0.307684927564041	0.333832335329341	0.355829316193537	0.313020983041104	0.313121652639633	0.303520643326469	0.306584935450915	0.308126734947832	0.281885993185376
GCA.015547705.1.ASM1554770v1	0.286450662739323	0.273372327164637	0.307875474027692	0.274053896293414	0.290177736202058	0.300372625647551	0.302787392967754	0.260980447718901	0.276822198992683	0.283593239331404	0.309094189823169	0.290865384615385	0.278178581467254	0.283861404483973	0.315648396339773	0.321056413941789	0.336699100422251	0.327281323877069	0.355131223297585	0.315280816921955	0.321373561656247	0.343755886230929	0.368840579710145	0.351141510305943	0.35007735007735	0.304174573055028	0.322976744186046	0.30952380952381	0.300172844248128	0.288713910761155	0.365524093392946	0.267755338680066	0.312033704906522	0.299190861494526	0.266595806358102	0.283793876026886	0.29531914893617	0.296707431796801	0	0.293105010419498	0.286145957329915	0.300046663555763	0.317486338797814	0.315468940316687	0.2871656258738	0.303870487532564	0.295833730574888	0.26828827199566	0.280938634882205	0.267509640390996
GCA.015558455.1.ASM1555845v1	0.258220238637399	0.275037936267071	0.334904836738257	0.2616894362132	0.250717260527534	0.319302032739701	0.283151537005319	0.255466267987292	0.263207369806355	0.281781226903178	0.312260023216359	0.273442502973196	0.272339636633296	0.271610596754973	0.317907444668008	0.336534186894283	0.363793260059951	0.317492984097287	0.362569060773481	0.320220156997203	0.353658536585366	0.301406875989938	0.318511878081578	0.342966892262667	0.338076368876081	0.338714218676678	0.329222273354809	0.340872978783064	0.324722195840061	0.292219233979412	0.362278978388998	0.309250764525994	0.32533889468196	0.292278719397363	0.292813455657492	0.316154059296204	0.295416276894294	0.317077710563053	0.293105010419498	0	0.252808988764045	0.2668513388735	0.261469130238846	0.313291411835645	0.270564367392106	0.272760747491485	0.262919652961147	0.271344191873993	0.256679565137277	0.273566483223859
GCA.003459425.1.ASM345942v1	0.30553254165516	0.298427311085539	0.3503263362145	0.274177855613933	0.30077649920479	0.324122886747864	0.295800309738544	0.308331758926885	0.285687131724007	0.285020545386627	0.327799332310746	0.274895977808599	0.313155922038981	0.301584360233485	0.305047143649473	0.336807115263678	0.336821812172955	0.299413656137696	0.353331008022323	0.32214826297073	0.314606741573034	0.317886408589997	0.2999365884591	0.33019042336846	0.329814342919549	0.322326596451276	0.332775141873663	0.322498346404611	0.322961682512244	0.277022593043967	0.354928457869634	0.302860456126788	0.349894662921348	0.311500380807312	0.31059141863162	0.321445243207917	0.285984490259126	0.323925110546618	0.286145957329915	0.252808988764045	0	0.230912824341982	0.248929775025048	0.288784477508048	0.244220730797912	0.238112961756769	0.238176964149504	0.233315246880087	0.224995343639411	0.31372197309417
GCA.015554685.1.ASM1555468v1	0.289293422163836	0.267266679710429	0.3300395256917	0.252779984114376	0.275970619097587	0.296406076324565	0.291802061089964	0.279768786127168	0.267351686700271	0.261664444867644	0.307897398179645	0.291356395513243	0.281865086948213	0.273070747142722	0.27195627591406	0.313318077803204	0.300645644240666	0.252121913580247	0.333866098383946	0.285939968404423	0.292336103416436	0.286139659975026	0.28736268808271	0.281379570297776	0.29679094787609	0.272428142843318	0.273261879920326	0.278789630914523	0.294405799941217	0.271197782238792	0.358896327855549	0.274502070597515	0.31181834435902	0.253253058846378	0.283178860185368	0.298238933841028	0.287037037037037	0.307684927564041	0.300046663555763	0.2668513388735	0.230912824341982	0	0.244036015965841	0.26410915212191	0.209846036875119	0.201593776681529	0.200350126434546	0.192406929598231	0.153627041397645	0.278326023391813
